1.0 0.0
0.9892834517423813 0.0010708623032180168
0.9785056910909935 0.0021390998643245254
0.967670685609756 0.003204302193960293
0.9567823586497058 0.00426606342541552
0.9458445893489978 0.005323982314629836
0.934861212632904 0.006377662240192303
0.9238360192138143 0.007426711203341414
0.9127727555912367 0.008470741827965096
0.9016751240517961 0.00950937136060071
0.890546782669235 0.010542221670435037
0.8793913453044141 0.011568919249304302
0.8682123816053112 0.012589095211694155
0.8570134170070217 0.013602385294739675
0.8457979327317592 0.01460842985822538
0.834569365788854 0.015606873884585216
0.8233311089747548 0.01659736697890256
0.8120865108730277 0.01757956336891022
0.8008388758543558 0.01855312190499043
0.789591464076541 0.01951770606017488
0.778347491484502 0.020472983930144652
0.7671101298102749 0.021418628233230298
0.7558825065730141 0.02235431631041178
0.744667705078991 0.023279730125318483
0.7334687644215953 0.02419455626422925
0.7222886794813334 0.02509848593607234
0.71113040092583 0.02599121497242544
0.6999968352098275 0.026872443827515684
0.6888908445751851 0.027741877578219616
0.6778152470508801 0.028599225924063214
0.6667728164530085 0.02944420318722193
0.6557662823847812 0.030276528312520583
0.6447983302365297 0.03109592486743346
0.6338716011857013 0.031902121042084286
0.6229886921968615 0.0326948496492462
0.6121521560216929 0.03347384812434177
0.6013645011989965 0.03423885852544301
0.5906281920546904 0.03498962753327137
0.5799456487018102 0.035725906451197685
0.56931924704051 0.0364474512052423
0.5587513187580598 0.0371540223440749
0.5482441513288495 0.03784538503901472
0.5377999880143841 0.03852130908403027
0.5274210278632887 0.03918156889573965
0.5171094257113035 0.03982594351341029
0.5068672921812883 0.04045421659895908
0.49669669368322006 0.04106617643695233
0.48659965241419256 0.04166161593460582
0.47657814635841794 0.04224033262178472
0.4666341092872258 0.04280212865100365
0.4567694307590631 0.04334681079742667
0.44698595611949454 0.04387419045886722
0.43728548650120297 0.044384083655788276
0.42766977882398755 0.0448763110313021
0.4181405457947669 0.04535069785117055
0.40869945590757495 0.045807074003804765
0.39934813344356557 0.04624527400026543
0.3900881584710088 0.04666513697426258
0.3809210668452925 0.047066506682155736
0.37184835020892243 0.04744923150295382
0.3628714559915219 0.0478131644383152
0.3539917874098316 0.04815816311254766
0.34521070346771 0.04848408977260844
0.3365295189561335 0.04879081128810421
0.3279495044531952 0.04907819915129101
0.31947188632410706 0.049346129477074424
0.3110978467211973 0.049594483003009344
0.3028285235839128 0.0498231450893002
0.2946650106388177 0.05003200571880078
0.2866083573995937 0.05022095949701434
0.27865956916704004 0.050389905652093565
0.27081960702907376 0.05053874803484056
0.2630893878607294 0.050667395118706854
0.25546978432415884 0.05077575999979343
0.24796162486863255 0.05086376039685073
0.24056569373053727 0.05093131865127851
0.23328273093337812 0.050978361727126095
0.22611343228777792 0.05100482121109216
0.21905844939147673 0.05101063331252485
0.21211838962933247 0.05099573886342172
0.2052938161733205 0.05096008331842977
0.19858524798253388 0.050903616754845414
0.1919931598031833 0.0508262938726145
0.18551798216859694 0.05072807399433235
0.1791601013992208 0.05060892106524366
0.1729198596026183 0.050468803653242564
0.16679755467347052 0.050307694948872675
0.1607934402935762 0.050125572765327
0.1549077259318515 0.04992241953844796
0.14914057684433063 0.049698222326727465
0.14349211407416496 0.04945297281130681
0.13796241445162366 0.04918666729597672
0.1325515105940935 0.04889930670717739
0.12725939090607882 0.04859089659399841
0.12208599957920159 0.048261447128178814
0.11703123659220144 0.04791097310410708
0.1120949577109355 0.04753949393882109
0.10727697448837863 0.047147033672008176
0.10257705426462321 0.0467336209660051
0.09799492016687922 0.04629928910579805
0.09353025110947441 0.04584407599902266
0.089182681793854 0.04536802417596397
0.08495180270858078 0.04487118078955649
0.08083716012933526 0.04435359761538411
0.0768382561189155 0.0438153310516802
0.07295454852723718 0.043256442119327526
0.06918545099133361 0.04267699646185831
0.06553033293535566 0.04207706434545419
0.06198851957057189 0.04145672065894625
0.05855929189536839 0.04081604491381497
0.05524188669524892 0.04015512124419032
0.052035496542834736 0.03947403840685165
0.04893926979786493 0.038772889781227775
0.045952310607196 0.03805177336939693
0.04307367890480212 0.03731079179608676
0.04030239041177507 0.036550052308674384
0.03763741663632424 0.03576966677718631
0.03507768487377665 0.034969751694298494
0.0326220782065769 0.03415042817533635
0.03026943550428721 0.03331182195827468
0.028018551423587418 0.03245406340373774
0.02586817640827497 0.031577287494999225
0.023817016689264912 0.030681633837982236
0.021863734284589882 0.02976724666125932
0.020006946999400206 0.028834274816052476
0.01824522842596375 0.027882871776233095
0.016577107943665993 0.02691319563832204
0.015001070719010039 0.02592540912148956
0.013515557705616603 0.02491967956755538
0.012118965644224008 0.023896178940988628
0.010809647062688181 0.02285508382890787
0.009585910275982669 0.02179657544108111
0.008446019386198622 0.02072083960992578
0.007388194282544802 0.01962806679050874
0.006410610641347563 0.018518452060546267
0.005511399926050921 0.01739219512040412
0.00468864938721645 0.016249500293097442
0.003940402062523352 0.015090576524290822
0.0032646567767684364 0.013915637382298274
0.0026593681418661257 0.012724901058083257
0.00212244655684845 0.011518590365258652
0.001651758207865052 0.010296932740086771
0.0012451250681831806 0.009060160241479364
0.0009003248981876975 0.007808509550997605
0.0006150912453810732 0.006542221972852106
0.0003871134443833883 0.005261543433902907
0.00021403661693233066 0.0039667244836594584
9.346167188320661e-05 0.0026580202942807062
2.2945305208922962e-05 0.0013356906605749644
0.0 0.0
2.3064814461934054e-05 -0.0013310346085460237
9.441128594767481e-05 -0.0026395989528907025
0.00021721976203618683 -0.00392573055768078
0.00039460699754517785 -0.005189468426233583
0.0006296261545310991 -0.006430853040537026
0.0009252668022891442 -0.007649926361249607
0.0012844549173532506 -0.008846731827700408
0.0017100528834960989 -0.010021314357889098
0.002204859491729113 -0.011173720348485933
0.0027716099403024613 -0.01230399767483175
0.0034129758347050524 -0.013412195690937974
0.004131565187664538 -0.014498365229486613
0.004929922419147317 -0.015562558601830256
0.00581052835635853 -0.016604829597992088
0.006775800233742057 -0.01762523348666587
0.00782809169298053 -0.018623827015215953
0.008969692782995312 -0.019600668409677273
0.010202829959946511 -0.02055581737475533
0.011529666087233 -0.021489335093826258
0.012952300435492363 -0.02240128422893673
0.014472768682600943 -0.02329172892080402
0.016093042913673836 -0.024160734788816
0.01781503162106486 -0.025008368931031096
0.01964057970436659 -0.02583469992417835
0.02157146847041035 -0.026639797823657375
0.023609415633266177 -0.02742373416353836
0.02575607531424289 -0.0281865819565621
0.028013038041888032 -0.028928415694139974
0.03038183075198788 -0.029649311346353898
0.03286391678756748 -0.030349346361956464
0.03546069589889061 -0.031028599668370765
0.03817350424345975 -0.03168715167169051
0.0410036143860162 -0.03232508425668002
0.043952235298539956 -0.032942480786774156
0.04702051236024975 -0.03353942610407837
0.050209527357603076 -0.034116006529368734
0.053520298484296194 -0.03467230986209188
0.05695378034126406 -0.035208425380365026
0.06051086393668038 -0.03572444384097598
0.06419237668595762 -0.036220457479383114
0.06799908241174701 -0.03669656000971544
0.07193168134393849 -0.03715284662477247
0.07599081011966075 -0.03758941399602441
0.08017704178328124 -0.038006360273611935
0.0844908857864061 -0.03840378508634639
0.08893278798788028 -0.038781789541709674
0.09350313065378743 -0.03914047622585427
0.09820223245744997 -0.03947994920360324
0.10303034847942906 -0.03980031401845026
0.10798767020752463 -0.04010167769255956
0.11307432553677521 -0.04038414872676594
0.11829037876945829 -0.04064783710057487
0.12363583061508993 -0.04089285427216229
0.12911061819042502 -0.041119313178374826
0.13471461501945714 -0.04132732823472959
0.14044763103341878 -0.0415170153354144
0.14630941257078087 -0.04168849185328756
0.1522996423772533 -0.04184187663987798
0.15841793960578465 -0.04197729002538518
0.16466385981656229 -0.04209485381867926
0.17103689497701224 -0.04219469130730088
0.17753647346179938 -0.042276927257461294
0.18416196005282723 -0.04234168791404239
0.190912655939238 -0.04238910100059656
0.19778779871741292 -0.04241929571934686
0.2047865623909716 -0.042432402751186836
0.2119080573707727 -0.04242855425568072
0.21915133047491345 -0.04240788387106328
0.22651536492872976 -0.04237052671423986
0.2339990803647965 -0.04231661938078641
0.2416013328229272 -0.04224629994494945
0.249320914750174 -0.04215970795964611
0.257156555000828 -0.04205698445646405
0.26510691883641896 -0.041938271945661625
0.273170607925715 -0.04180371441616762
0.281346160344724 -0.04165345733558154
0.2896320505766913 -0.041487647650173404
0.2980266895121018 -0.04130643378488384
0.3065284244486791 -0.04110996564332405
0.31513553909138525 -0.04089839460777585
0.32384625355242114 -0.04067187353919159
0.33265872435122656 -0.040430556777194246
0.3415710444144799 -0.040174600140077364
0.35058124307609834 -0.03990416092480508
0.3596872860772377 -0.039619397907012105
0.36888707556629274 -0.03932047134100375
0.3781784500988968 -0.03900754295975591
0.3875591846379221 -0.03868077597491504
0.39702699055347934 -0.03834033507679821
0.4065795156229183 -0.037986386434393074
0.41621434403082724 -0.037619097695357845
0.42592899636903336 -0.037238637986021346
0.43572092963660236 -0.03684517791138296
0.445587537239839 -0.03643888955511271
0.4555261489922866 -0.03601994647955112
0.4655340311147272 -0.035588523725709365
0.4756083862351817 -0.03514479781326918
0.4857463533889096 -0.0346889467405829
0.49594500801840924 -0.03422114998467342
0.5062013619734176 -0.03374158850123424
0.5165123635109105 -0.033250444724629444
0.5268748972951025 -0.0327479025678937
0.537285784397447 -0.03223414742273224
0.5477417822966357 -0.03170936615952093
0.5582395848785998 -0.031173747127306153
0.5687758224365085 -0.030627480153804933
0.5793470616707703 -0.030070756545404864
0.589949805689032 -0.02950376908716411
0.6005804940061794 -0.02892671204281144
0.611235502544337 -0.02833978115474619
0.6219111436328681 -0.02774317364403829
0.6326036660083745 -0.02713708821042827
0.6433092548146971 -0.02652172503232722
0.6540240316029153 -0.02589728576681683
0.6647440543313472 -0.02526397354964937
0.6754653173655498 -0.02462199299524769
0.6861837514783189 -0.02397155019670523
0.6968952238496888 -0.023312852725786024
0.7075955380669328 -0.022646109632924682
0.7182804341245628 -0.02197153144722639
0.7289455884243292 -0.02128933017646694
0.7395866137752217 -0.020599719307092694
0.7501990593934686 -0.019902913804220587
0.7607784109025364 -0.019199130111638183
0.7713200903331308 -0.018488586151803592
0.7818194561231963 -0.01777150132584552
0.792271803117916 -0.017048096513563253
0.8026723625697116 -0.016318594073426677
0.8130163021382442 -0.015583217842576245
0.8232987258904126 -0.014842193136823008
0.8335146743003552 -0.0140957467506486
0.8436591242494487 -0.01334410695720523
0.8537269890263086 -0.012587503508315705
0.8637131183267898 -0.011826167634473398
0.8736122982539846 -0.011060332044842306
0.8834192513182251 -0.010290230927256973
0.893128636437082 -0.009516099948222544
0.9027350489353643 -0.008738176252914742
0.9122330205451202 -0.00795669846517988
0.9216170194056368 -0.007171906687534857
0.9308814500634391 -0.006384042501167154
0.9400206534722916 -0.00559334896593484
0.9490289069931974 -0.0048000706203665654
0.9579004243943982 -0.004004453481661568
0.9666293558513743 -0.0032067450456896717
0.9752097879468453 -0.0024071942869912694
0.983635743670769 -0.0016060516587773806
0.991901182420342 -0.0008035690929295697
1.0 0.0
